s,intensity
10,45.9445
9.89949,0.428294
9.84886,0.720954
9.89949,0.0487792
9.94987,59.1207
9.69536,5.83169
9.53939,85.2496
9.48683,6.85781
9.53939,73.2459
9.69536,5.18117
9.94987,57.4342
9.69536,0.108328
9.43398,0.246688
9.27362,0.0997819
9.21954,0.290206
9.27362,0.0226768
9.43398,0.276344
9.69536,0.188158
9.89949,5.26535
9.53939,79.2377
9.27362,9.02348
9.11043,121.244
9.05539,10.0733
9.11043,130.87
9.27362,7.6555
9.53939,82.4584
9.89949,3.92043
9.89949,5.26535
9.53939,79.2377
9.27362,9.02348
9.11043,121.244
9.05539,10.0733
9.11043,130.87
9.27362,7.6555
9.53939,82.4584
9.89949,3.92043
9.69536,0.108328
9.43398,0.246688
9.27362,0.0997819
9.21954,0.290206
9.27362,0.0226768
9.43398,0.276344
9.69536,0.188158
9.94987,59.1207
9.69536,5.83169
9.53939,85.2496
9.48683,6.85781
9.53939,73.2459
9.69536,5.18117
9.94987,57.4342
9.89949,0.428294
9.84886,0.720954
9.89949,0.0487792
10,52.8983
9.89949,1.02521
9.64365,0.078204
9.48683,1.53465
9.43398,0.121714
9.48683,1.55779
9.64365,0.0742415
9.89949,1.0452
9.79796,61.8761
9.43398,6.36681
9.16515,123.531
9,8.62161
8.94427,147.497
9,8.06599
9.16515,111.779
9.43398,4.95964
9.79796,66.4997
9.89949,0.361012
9.43398,0.220949
9.05539,0.89446
8.77496,0.573454
8.60233,1.21439
8.544,0.466465
8.60233,1.16514
8.77496,0.0614458
9.05539,0.874249
9.43398,0.367128
9.89949,0.383785
9.64365,5.52937
9.16515,132.314
8.77496,11.6597
8.48528,183.586
8.30662,16.7108
8.24621,248.154
8.30662,14.4319
8.48528,262.882
8.77496,8.89066
9.16515,115.072
9.64365,3.76314
9.48683,0.0683207
9,0.28436
8.60233,0.0813219
8.30662,1.07309
8.12404,0.238119
8.06226,5.58752
8.12404,0.287549
8.30662,0.00850128
8.60233,0.106612
9,0.879525
9.48683,0.0595798
10,51.0272
9.43398,7.17929
8.94427,122.551
8.544,14.302
8.24621,323.777
8.06226,18.6234
8,354.899
8.06226,18.625
8.24621,202.324
8.544,11.332
8.94427,156.712
9.43398,4.43889
10,59.7606
9.48683,0.0683207
9,0.28436
8.60233,0.0813219
8.30662,1.07309
8.12404,0.238119
8.06226,5.58752
8.12404,0.287549
8.30662,0.00850128
8.60233,0.106612
9,0.879525
9.48683,0.0595798
9.64365,5.52937
9.16515,132.314
8.77496,11.6597
8.48528,183.586
8.30662,16.7108
8.24621,248.154
8.30662,14.4319
8.48528,262.882
8.77496,8.89066
9.16515,115.072
9.64365,3.76314
9.89949,0.361012
9.43398,0.220949
9.05539,0.89446
8.77496,0.573454
8.60233,1.21439
8.544,0.466465
8.60233,1.16514
8.77496,0.0614458
9.05539,0.874249
9.43398,0.367128
9.89949,0.383785
9.79796,61.8761
9.43398,6.36681
9.16515,123.531
9,8.62161
8.94427,147.497
9,8.06599
9.16515,111.779
9.43398,4.95964
9.79796,66.4997
9.89949,1.02521
9.64365,0.078204
9.48683,1.53465
9.43398,0.121714
9.48683,1.55779
9.64365,0.0742415
9.89949,1.0452
10,52.8983
9.94987,59.9298
9.89949,2.63733
9.94987,57.2479
9.69536,0.410739
9.43398,2.46252
9.27362,0.739553
9.21954,2.85665
9.27362,0.203247
9.43398,2.3116
9.69536,0.0750518
9.94987,57.6695
9.48683,4.75623
9.11043,143.351
8.83176,8.18201
8.66025,154.851
8.60233,9.46779
8.66025,174.929
8.83176,6.59165
9.11043,149.762
9.48683,3.2818
9.94987,54.7469
9.48683,0.769945
9,1.60281
8.60233,0.269256
8.30662,2.56076
8.12404,0.814655
8.06226,3.63374
8.12404,6.19923
8.30662,3.06814
8.60233,0.0837612
9,1.52521
9.48683,0.196227
9.69536,4.37137
9.11043,119.941
8.60233,11.4971
8.18535,233.849
7.87401,18.3747
7.68115,512.06
7.61577,19.4878
7.68115,455.808
7.87401,15.5632
8.18535,227.161
8.60233,7.59017
9.11043,133.892
9.69536,2.42981
9.43398,0.23993
8.83176,0.294601
8.30662,0.68556
7.87401,1.42304
7.54983,1.5468
7.34847,2.96448
7.28011,1.50275
7.34847,4.33027
7.54983,1.19006
7.87401,0.0445621
8.30662,0.778038
8.83176,0.689416
9.43398,0.270164
9.94987,54.2718
9.27362,6.70087
8.66025,191.57
8.12404,16.2997
7.68115,454.264
7.34847,27.667
7.14143,570.571
7.07107,31.3639
7.14143,609.69
7.34847,22.4472
7.68115,468.327
8.12404,11.1602
8.66025,188.175
9.27362,3.71855
9.94987,56.445
9.94987,54.2718
9.27362,6.70087
8.66025,191.57
8.12404,16.2997
7.68115,454.264
7.34847,27.667
7.14143,570.571
7.07107,31.3639
7.14143,609.69
7.34847,22.4472
7.68115,468.327
8.12404,11.1602
8.66025,188.175
9.27362,3.71855
9.94987,56.445
9.43398,0.23993
8.83176,0.294601
8.30662,0.68556
7.87401,1.42304
7.54983,1.5468
7.34847,2.96448
7.28011,1.50275
7.34847,4.33027
7.54983,1.19006
7.87401,0.0445621
8.30662,0.778038
8.83176,0.689416
9.43398,0.270164
9.69536,4.37137
9.11043,119.941
8.60233,11.4971
8.18535,233.849
7.87401,18.3747
7.68115,512.06
7.61577,19.4878
7.68115,455.808
7.87401,15.5632
8.18535,227.161
8.60233,7.59017
9.11043,133.892
9.69536,2.42981
9.48683,0.769945
9,1.60281
8.60233,0.269256
8.30662,2.56076
8.12404,0.814655
8.06226,3.63374
8.12404,6.19923
8.30662,3.06814
8.60233,0.0837612
9,1.52521
9.48683,0.196227
9.94987,57.6695
9.48683,4.75623
9.11043,143.351
8.83176,8.18201
8.66025,154.851
8.60233,9.46779
8.66025,174.929
8.83176,6.59165
9.11043,149.762
9.48683,3.2818
9.94987,54.7469
9.69536,0.410739
9.43398,2.46252
9.27362,0.739553
9.21954,2.85665
9.27362,0.203247
9.43398,2.3116
9.69536,0.0750518
9.94987,59.9298
9.89949,2.63733
9.94987,57.2479
10,48.9456
9.69536,2.51985
9.43398,0.0138736
9.27362,3.70008
9.21954,0.00643342
9.27362,3.82071
9.43398,0.476945
9.69536,2.56018
9.84886,2.74257
9.38083,96.0399
9,5.58813
8.7178,170.104
8.544,7.34537
8.48528,228.841
8.544,6.54752
8.7178,182.239
9,3.95683
9.38083,94.7998
9.84886,1.54525
9.84886,0.0515466
9.27362,1.9154
8.77496,0.175223
8.3666,4.32931
8.06226,0.149507
7.87401,6.39377
7.81025,0.153971
7.87401,6.38415
8.06226,0.271213
8.3666,4.36795
8.77496,0.079964
9.27362,1.95996
9.84886,0.0190589
9.38083,103.605
8.77496,7.47501
8.24621,260.791
7.81025,15.5445
7.48331,443.344
7.28011,20.5453
7.2111,668.21
7.28011,17.74
7.48331,512.57
7.81025,10.8527
8.24621,248.384
8.77496,4.30599
9.38083,102.205
9.69536,0.486212
9,0.0449801
8.3666,1.43166
7.81025,2.0845
7.34847,3.27655
7,5.66153
6.78233,5.87448
6.7082,8.11509
6.78233,5.06826
7,8.09906
7.34847,3.25873
7.81025,0.0724462
8.3666,1.61543
9,0.622952
9.69536,0.47894
9.43398,4.70239
8.7178,150.262
8.06226,14.3997
7.48331,536.025
7,26.0009
6.63325,1206.49
6.40312,37.3519
6.32456,756.201
6.40312,35.9328
6.63325,804.291
7,19.2663
7.48331,653.026
8.06226,7.69101
8.7178,174.507
9.43398,2.07944
9.27362,0.0569073
8.544,0.00400886
7.87401,0.381345
7.28011,17.9695
6.78233,0.713262
6.40312,19.5532
6.16441,0.328568
6.08276,29.8782
6.16441,1.03556
6.40312,58.22
6.78233,0.797625
7.28011,0.00477386
7.87401,0.216648
8.544,2.08564
9.27362,0.0767722
10,52.1909
9.21954,5.51637
8.48528,275.892
7.81025,16.3014
7.2111,535.054
6.7082,37.6949
6.32456,686.437
6.08276,45.9098
6,2055.87
6.08276,37.0563
6.32456,1295.57
6.7082,25.3748
7.2111,399.926
7.81025,9.82594
8.48528,243.258
9.21954,2.47801
10,61.1988
9.27362,0.0569073
8.544,0.00400886
7.87401,0.381345
7.28011,17.9695
6.78233,0.713262
6.40312,19.5532
6.16441,0.328568
6.08276,29.8782
6.16441,1.03556
6.40312,58.22
6.78233,0.797625
7.28011,0.00477386
7.87401,0.216648
8.544,2.08564
9.27362,0.0767722
9.43398,4.70239
8.7178,150.262
8.06226,14.3997
7.48331,536.025
7,26.0009
6.63325,1206.49
6.40312,37.3519
6.32456,756.201
6.40312,35.9328
6.63325,804.291
7,19.2663
7.48331,653.026
8.06226,7.69101
8.7178,174.507
9.43398,2.07944
9.69536,0.486212
9,0.0449801
8.3666,1.43166
7.81025,2.0845
7.34847,3.27655
7,5.66153
6.78233,5.87448
6.7082,8.11509
6.78233,5.06826
7,8.09906
7.34847,3.25873
7.81025,0.0724462
8.3666,1.61543
9,0.622952
9.69536,0.47894
9.38083,103.605
8.77496,7.47501
8.24621,260.791
7.81025,15.5445
7.48331,443.344
7.28011,20.5453
7.2111,668.21
7.28011,17.74
7.48331,512.57
7.81025,10.8527
8.24621,248.384
8.77496,4.30599
9.38083,102.205
9.84886,0.0515466
9.27362,1.9154
8.77496,0.175223
8.3666,4.32931
8.06226,0.149507
7.87401,6.39377
7.81025,0.153971
7.87401,6.38415
8.06226,0.271213
8.3666,4.36795
8.77496,0.079964
9.27362,1.95996
9.84886,0.0190589
9.84886,2.74257
9.38083,96.0399
9,5.58813
8.7178,170.104
8.544,7.34537
8.48528,228.841
8.544,6.54752
8.7178,182.239
9,3.95683
9.38083,94.7998
9.84886,1.54525
9.69536,2.51985
9.43398,0.0138736
9.27362,3.70008
9.21954,0.00643342
9.27362,3.82071
9.43398,0.476945
9.69536,2.56018
10,48.9456
9.89949,0.32681
9.64365,3.51722
9.48683,0.0023008
9.43398,4.21457
9.48683,0.000723645
9.64365,3.5078
9.89949,0.270416
9.94987,62.0021
9.48683,2.61255
9.11043,119.606
8.83176,4.44264
8.66025,160.41
8.60233,4.61719
8.66025,217.598
8.83176,3.1672
9.11043,132.432
9.48683,1.54533
9.94987,51.3659
9.84886,1.65436
9.27362,0.0949159
8.77496,4.20107
8.3666,1.84818
8.06226,7.83669
7.87401,4.47425
7.81025,10.3658
7.87401,4.34328
8.06226,7.97848
8.3666,2.07032
8.77496,4.35219
9.27362,0.048469
9.84886,1.64665
9.94987,59.0745
9.27362,3.81859
8.66025,150.397
8.12404,9.36161
7.68115,465.961
7.34847,13.4077
7.14143,853.421
7.07107,15.5176
7.14143,448.123
7.34847,11.6595
7.68115,386.402
8.12404,5.06961
8.66025,236.51
9.27362,1.60005
9.94987,55.9321
9.48683,0.192806
8.77496,1.81434
8.12404,0.0941064
7.54983,5.88146
7.07107,26.6091
6.7082,10.1106
6.48074,14.2635
6.40312,10.3794
6.48074,14.555
6.7082,10.1325
7.07107,25.7434
7.54983,5.6004
8.12404,0.0445036
8.77496,1.94894
9.48683,0.264449
9.89949,2.36671
9.11043,122.2
8.3666,8.12491
7.68115,542.938
7.07107,19.4265
6.55744,845.534
6.16441,35.7013
5.91608,938.265
5.83095,34.6562
5.91608,2020.85
6.16441,23.1714
6.55744,1076.05
7.07107,12.0188
7.68115,329.983
8.3666,3.6617
9.11043,136.812
9.89949,0.743097
9.64365,0.224674
8.83176,0.689058
8.06226,0.992856
7.34847,0.0619023
6.7082,2.02267
6.16441,24.0329
5.74456,4.1918
5.47723,26.4551
5.38516,6.69554
5.47723,26.2521
5.74456,4.1738
6.16441,24.6297
6.7082,2.31059
7.34847,0.0332325
8.06226,0.937353
8.83176,0.609793
9.64365,0.223881
9.48683,3.42274
8.66025,196.026
7.87401,12.7636
7.14143,566.348
6.48074,31.0034
5.91608,1506.52
5.47723,46.8879
5.19615,2528.39
5.09902,52.6028
5.19615,1789.15
5.47723,38.3141
5.91608,1367.1
6.48074,17.2481
7.14143,728.784
7.87401,5.43444
8.66025,192.254
9.48683,1.12345
9.48683,3.42274
8.66025,196.026
7.87401,12.7636
7.14143,566.348
6.48074,31.0034
5.91608,1506.52
5.47723,46.8879
5.19615,2528.39
5.09902,52.6028
5.19615,1789.15
5.47723,38.3141
5.91608,1367.1
6.48074,17.2481
7.14143,728.784
7.87401,5.43444
8.66025,192.254
9.48683,1.12345
9.64365,0.224674
8.83176,0.689058
8.06226,0.992856
7.34847,0.0619023
6.7082,2.02267
6.16441,24.0329
5.74456,4.1918
5.47723,26.4551
5.38516,6.69554
5.47723,26.2521
5.74456,4.1738
6.16441,24.6297
6.7082,2.31059
7.34847,0.0332325
8.06226,0.937353
8.83176,0.609793
9.64365,0.223881
9.89949,2.36671
9.11043,122.2
8.3666,8.12491
7.68115,542.938
7.07107,19.4265
6.55744,845.534
6.16441,35.7013
5.91608,938.265
5.83095,34.6562
5.91608,2020.85
6.16441,23.1714
6.55744,1076.05
7.07107,12.0188
7.68115,329.983
8.3666,3.6617
9.11043,136.812
9.89949,0.743097
9.48683,0.192806
8.77496,1.81434
8.12404,0.0941064
7.54983,5.88146
7.07107,26.6091
6.7082,10.1106
6.48074,14.2635
6.40312,10.3794
6.48074,14.555
6.7082,10.1325
7.07107,25.7434
7.54983,5.6004
8.12404,0.0445036
8.77496,1.94894
9.48683,0.264449
9.94987,59.0745
9.27362,3.81859
8.66025,150.397
8.12404,9.36161
7.68115,465.961
7.34847,13.4077
7.14143,853.421
7.07107,15.5176
7.14143,448.123
7.34847,11.6595
7.68115,386.402
8.12404,5.06961
8.66025,236.51
9.27362,1.60005
9.94987,55.9321
9.84886,1.65436
9.27362,0.0949159
8.77496,4.20107
8.3666,1.84818
8.06226,7.83669
7.87401,4.47425
7.81025,10.3658
7.87401,4.34328
8.06226,7.97848
8.3666,2.07032
8.77496,4.35219
9.27362,0.048469
9.84886,1.64665
9.94987,62.0021
9.48683,2.61255
9.11043,119.606
8.83176,4.44264
8.66025,160.41
8.60233,4.61719
8.66025,217.598
8.83176,3.1672
9.11043,132.432
9.48683,1.54533
9.94987,51.3659
9.89949,0.32681
9.64365,3.51722
9.48683,0.0023008
9.43398,4.21457
9.48683,0.000723645
9.64365,3.5078
9.89949,0.270416
9.89949,3.45157
9.84886,0.253129
9.89949,3.5021
9.79796,58.9276
9.43398,1.77675
9.16515,124.134
9,2.166
8.94427,163.977
9,1.89745
9.16515,107.203
9.43398,1.05823
9.79796,63.9617
9.48683,3.09361
9,0.0971179
8.60233,7.1282
8.30662,2.03216
8.12404,10.4261
8.06226,0.138562
8.12404,10.3022
8.30662,0.0891483
8.60233,7.10186
9,0.623199
9.48683,3.16799
9.38083,97.7052
8.77496,3.7232
8.24621,287.97
7.81025,7.25654
7.48331,479.921
7.28011,9.47463
7.2111,556.948
7.28011,7.63983
7.48331,531.996
7.81025,4.2985
8.24621,278.069
8.77496,1.59597
9.38083,96.543
9.48683,1.60676
8.77496,0.0429338
8.12404,5.27991
7.54983,0.170283
7.07107,11.8322
6.7082,0.680707
6.48074,18.1273
6.40312,0.086028
6.48074,17.7689
6.7082,0.0607854
7.07107,11.8217
7.54983,0.212947
8.12404,5.43163
8.77496,0.024908
9.48683,1.63319
9.79796,64.7077
9,3.66278
8.24621,265.128
7.54983,10.3022
6.9282,857.357
6.40312,19.3121
6,1278.68
5.74456,26.4489
5.65685,1383.65
5.74456,21.8816
6,1594.5
6.40312,11.5733
6.9282,785.141
7.54983,4.32576
8.24621,253.067
9,1.04434
9.79796,69.4264
9.43398,0.0213206
8.60233,1.30737
7.81025,3.97404
7.07107,4.74615
6.40312,0.169644
5.83095,8.52682
5.38516,68.3136
5.09902,13.3581
5,49.7496
5.09902,16.0655
5.38516,33.0582
5.83095,9.59331
6.40312,20.5809
7.07107,4.21664
7.81025,0.0271597
8.60233,1.30926
9.43398,0.244316
9.16515,137.584
8.30662,6.24102
7.48331,548.271
6.7082,20.188
6,801.2
5.38516,39.923
4.89898,3003.58
4.58258,40.7672
4.47214,5031.56
4.58258,39.1256
4.89898,1390.3
5.38516,23.575
6,1193.75
6.7082,7.85645
7.48331,663.359
8.30662,1.89212
9.16515,120.113
9.89949,0.0531065
9,0.477151
8.12404,0.187501
7.28011,15.8699
6.48074,0.366629
5.74456,0.00290534
5.09902,2.87888
4.58258,421.367
4.24264,3.08141
4.12311,229.204
4.24264,1.05836
4.58258,151.991
5.09902,1.78786
5.74456,127.384
6.48074,0.814027
7.28011,3.11845e-05
8.12404,0.213356
9,0.961867
9.89949,0.0441098
9.84886,1.85444
8.94427,128.828
8.06226,8.70844
7.2111,540.965
6.40312,21.6815
5.65685,2898.2
5,40.4006
4.47214,2317.56
4.12311,68.4031
4,1440.79
4.12311,48.2841
4.47214,5559.12
5,24.2255
5.65685,2027.24
6.40312,10.045
7.2111,408.815
8.06226,2.34379
8.94427,163.639
9.84886,0.363507
9.89949,0.0531065
9,0.477151
8.12404,0.187501
7.28011,15.8699
6.48074,0.366629
5.74456,0.00290534
5.09902,2.87888
4.58258,421.367
4.24264,3.08141
4.12311,229.204
4.24264,1.05836
4.58258,151.991
5.09902,1.78786
5.74456,127.384
6.48074,0.814027
7.28011,3.11845e-05
8.12404,0.213356
9,0.961867
9.89949,0.0441098
9.16515,137.584
8.30662,6.24102
7.48331,548.271
6.7082,20.188
6,801.2
5.38516,39.923
4.89898,3003.58
4.58258,40.7672
4.47214,5031.56
4.58258,39.1256
4.89898,1390.3
5.38516,23.575
6,1193.75
6.7082,7.85645
7.48331,663.359
8.30662,1.89212
9.16515,120.113
9.43398,0.0213206
8.60233,1.30737
7.81025,3.97404
7.07107,4.74615
6.40312,0.169644
5.83095,8.52682
5.38516,68.3136
5.09902,13.3581
5,49.7496
5.09902,16.0655
5.38516,33.0582
5.83095,9.59331
6.40312,20.5809
7.07107,4.21664
7.81025,0.0271597
8.60233,1.30926
9.43398,0.244316
9.79796,64.7077
9,3.66278
8.24621,265.128
7.54983,10.3022
6.9282,857.357
6.40312,19.3121
6,1278.68
5.74456,26.4489
5.65685,1383.65
5.74456,21.8816
6,1594.5
6.40312,11.5733
6.9282,785.141
7.54983,4.32576
8.24621,253.067
9,1.04434
9.79796,69.4264
9.48683,1.60676
8.77496,0.0429338
8.12404,5.27991
7.54983,0.170283
7.07107,11.8322
6.7082,0.680707
6.48074,18.1273
6.40312,0.086028
6.48074,17.7689
6.7082,0.0607854
7.07107,11.8217
7.54983,0.212947
8.12404,5.43163
8.77496,0.024908
9.48683,1.63319
9.38083,97.7052
8.77496,3.7232
8.24621,287.97
7.81025,7.25654
7.48331,479.921
7.28011,9.47463
7.2111,556.948
7.28011,7.63983
7.48331,531.996
7.81025,4.2985
8.24621,278.069
8.77496,1.59597
9.38083,96.543
9.48683,3.09361
9,0.0971179
8.60233,7.1282
8.30662,2.03216
8.12404,10.4261
8.06226,0.138562
8.12404,10.3022
8.30662,0.0891483
8.60233,7.10186
9,0.623199
9.48683,3.16799
9.79796,58.9276
9.43398,1.77675
9.16515,124.134
9,2.166
8.94427,163.977
9,1.89745
9.16515,107.203
9.43398,1.05823
9.79796,63.9617
9.89949,3.45157
9.84886,0.253129
9.89949,3.5021
9.94987,53.3582
9.69536,0.754772
9.53939,85.1658
9.48683,0.724697
9.53939,87.7815
9.69536,0.461363
9.94987,54.157
9.89949,0.00956203
9.43398,4.2592
9.05539,0.0679381
8.77496,7.95535
8.60233,1.60632
8.544,9.74884
8.60233,0.11866
8.77496,7.85856
9.05539,0.0456983
9.43398,4.33777
9.89949,0.162028
9.69536,1.14184
9.11043,121.078
8.60233,2.45396
8.18535,351.238
7.87401,3.59811
7.68115,388.913
7.61577,3.8783
7.68115,335.637
7.87401,2.40302
8.18535,339.809
8.60233,0.966468
9.11043,134.217
9.69536,0.260027
9.69536,0.025834
9,3.67697
8.3666,4.26881
7.81025,10.3875
7.34847,0.18226
7,17.2859
6.78233,29.8491
6.7082,21.7363
6.78233,16.4146
7,18.7189
7.34847,7.33318
7.81025,9.98581
8.3666,2.62518
9,3.67806
9.69536,0.00691441
9.89949,1.08378
9.11043,147.945
8.3666,3.47961
7.68115,474.671
7.07107,9.02947
6.55744,552.467
6.16441,13.6731
5.91608,1701.53
5.83095,11.1212
5.91608,2194.9
6.16441,8.02106
6.55744,624.321
7.07107,3.42815
7.68115,392.758
8.3666,0.884299
9.11043,154.776
9.89949,0.149425
9.43398,1.14855
8.60233,1.17477
7.81025,4.27402
7.07107,18.88
6.40312,10.8097
5.83095,0.139304
5.38516,24.7155
5.09902,258.001
5,27.6431
5.09902,84.8604
5.38516,20.5346
5.83095,37.011
6.40312,12.3011
7.07107,23.8547
7.81025,4.45454
8.60233,0.00380289
9.43398,1.10944
9.94987,63.0318
9.05539,2.4425
8.18535,243.885
7.34847,9.07297
6.55744,852.949
5.83095,17.5726
5.19615,3547.55
4.69042,26.4328
4.3589,2576.22
4.24264,32.089
4.3589,1680.5
4.69042,17.6868
5.19615,3276
5.83095,7.24603
6.55744,1089.13
7.34847,2.00632
8.18535,236.396
9.05539,0.32783
9.94987,61.283
9.69536,0.0160402
8.77496,0.45121
7.87401,0.733972
7,2.13961
6.16441,29.2449
5.38516,6.44983
4.69042,0.14105
4.12311,8.07448
3.74166,288.082
3.60555,11.9144
3.74166,121.181
4.12311,11.2823
4.69042,53.5163
5.38516,5.35999
6.16441,26.05
7,2.05845
7.87401,0.00630957
8.77496,0.499934
9.69536,0.112275
9.53939,84.6064
8.60233,3.65363
7.68115,469.722
6.78233,12.145
5.91608,1531.86
5.09902,29.7747
4.3589,2445.3
3.74166,44.3653
3.31662,5319.09
3.16228,39.4967
3.31662,6169.36
3.74166,27.3492
4.3589,2601.16
5.09902,11.3828
5.91608,1388.27
6.78233,2.9706
7.68115,484.608
8.60233,0.50398
9.53939,87.9617
9.53939,84.6064
8.60233,3.65363
7.68115,469.722
6.78233,12.145
5.91608,1531.86
5.09902,29.7747
4.3589,2445.3
3.74166,44.3653
3.31662,5319.09
3.16228,39.4967
3.31662,6169.36
3.74166,27.3492
4.3589,2601.16
5.09902,11.3828
5.91608,1388.27
6.78233,2.9706
7.68115,484.608
8.60233,0.50398
9.53939,87.9617
9.69536,0.0160402
8.77496,0.45121
7.87401,0.733972
7,2.13961
6.16441,29.2449
5.38516,6.44983
4.69042,0.14105
4.12311,8.07448
3.74166,288.082
3.60555,11.9144
3.74166,121.181
4.12311,11.2823
4.69042,53.5163
5.38516,5.35999
6.16441,26.05
7,2.05845
7.87401,0.00630957
8.77496,0.499934
9.69536,0.112275
9.94987,63.0318
9.05539,2.4425
8.18535,243.885
7.34847,9.07297
6.55744,852.949
5.83095,17.5726
5.19615,3547.55
4.69042,26.4328
4.3589,2576.22
4.24264,32.089
4.3589,1680.5
4.69042,17.6868
5.19615,3276
5.83095,7.24603
6.55744,1089.13
7.34847,2.00632
8.18535,236.396
9.05539,0.32783
9.94987,61.283
9.43398,1.14855
8.60233,1.17477
7.81025,4.27402
7.07107,18.88
6.40312,10.8097
5.83095,0.139304
5.38516,24.7155
5.09902,258.001
5,27.6431
5.09902,84.8604
5.38516,20.5346
5.83095,37.011
6.40312,12.3011
7.07107,23.8547
7.81025,4.45454
8.60233,0.00380289
9.43398,1.10944
9.89949,1.08378
9.11043,147.945
8.3666,3.47961
7.68115,474.671
7.07107,9.02947
6.55744,552.467
6.16441,13.6731
5.91608,1701.53
5.83095,11.1212
5.91608,2194.9
6.16441,8.02106
6.55744,624.321
7.07107,3.42815
7.68115,392.758
8.3666,0.884299
9.11043,154.776
9.89949,0.149425
9.69536,0.025834
9,3.67697
8.3666,4.26881
7.81025,10.3875
7.34847,0.18226
7,17.2859
6.78233,29.8491
6.7082,21.7363
6.78233,16.4146
7,18.7189
7.34847,7.33318
7.81025,9.98581
8.3666,2.62518
9,3.67806
9.69536,0.00691441
9.69536,1.14184
9.11043,121.078
8.60233,2.45396
8.18535,351.238
7.87401,3.59811
7.68115,388.913
7.61577,3.8783
7.68115,335.637
7.87401,2.40302
8.18535,339.809
8.60233,0.966468
9.11043,134.217
9.69536,0.260027
9.89949,0.00956203
9.43398,4.2592
9.05539,0.0679381
8.77496,7.95535
8.60233,1.60632
8.544,9.74884
8.60233,0.11866
8.77496,7.85856
9.05539,0.0456983
9.43398,4.33777
9.89949,0.162028
9.94987,53.3582
9.69536,0.754772
9.53939,85.1658
9.48683,0.724697
9.53939,87.7815
9.69536,0.461363
9.94987,54.157
9.69536,4.30131
9.43398,0.028709
9.27362,6.31983
9.21954,0.412803
9.27362,6.3888
9.43398,0.27481
9.69536,4.29091
9.64365,0.56311
9.16515,125.643
8.77496,1.03508
8.48528,182.207
8.30662,1.11967
8.24621,285.717
8.30662,0.755654
8.48528,253.537
8.77496,0.353803
9.16515,108.381
9.64365,0.0897749
9.43398,0.164822
8.83176,5.71875
8.30662,0.60704
7.87401,12.7692
7.54983,0.078838
7.34847,19.6255
7.28011,6.55856
7.34847,19.1213
7.54983,0.921743
7.87401,12.9046
8.30662,0.258817
8.83176,5.84811
9.43398,0.187567
9.43398,0.914825
8.7178,175.259
8.06226,2.43568
7.48331,484.589
7,3.957
6.63325,1021.51
6.40312,4.67129
6.32456,1067.9
6.40312,3.36036
6.63325,826.486
7,1.35473
7.48331,537.639
8.06226,0.385353
8.7178,187.392
9.43398,0.056075
9.64365,0.0191483
8.83176,2.96667
8.06226,0.0843657
7.34847,9.96303
6.7082,0.000189664
6.16441,21.6214
5.74456,0.141592
5.47723,32.4161
5.38516,1.08308
5.47723,33.6306
5.74456,0.00680276
6.16441,22.0197
6.7082,0.00102607
7.34847,9.78158
8.06226,0.0336035
8.83176,2.99798
9.64365,0.000471431
9.16515,130.306
8.30662,2.47532
7.48331,457.416
6.7082,6.96376
6,1289.89
5.38516,11.2619
4.89898,3218.98
4.58258,11.7032
4.47214,2795.63
4.58258,9.18168
4.89898,2004.87
5.38516,4.16417
6,1611.07
6.7082,1.0387
7.48331,526.695
8.30662,0.143892
9.16515,118.147
9.69536,0.487652
8.77496,0.135974
7.87401,2.20471
7,3.30607
6.16441,8.06419
5.38516,80.6996
4.69042,19.8199
4.12311,0.165571
3.74166,24.4621
3.60555,364.403
3.74166,25.152
4.12311,102.309
4.69042,18.0328
5.38516,29.9175
6.16441,8.12344
7,9.9752
7.87401,2.42961
8.77496,0.00111456
9.69536,0.477797
9.43398,1.1855
8.48528,194.141
7.54983,4.61817
6.63325,1232.91
5.74456,10.3831
4.89898,3053.66
4.12311,23.2533
3.4641,1527.73
3,26.5357
2.82843,7387.45
3,14.3322
3.4641,8319.41
4.12311,7.07816
4.89898,1407.38
5.74456,1.8397
6.63325,831.665
7.54983,0.300128
8.48528,276.139
9.43398,0.0190052
9.27362,0.0736593
8.30662,1.3387
7.34847,0.583878
6.40312,22.8109
5.47723,1.08334
4.58258,405.679
3.74166,1.4185
3,0.000548929
2.44949,6.91017
2.23607,2056.62
2.44949,4.97526
3,524.939
3.74166,2.65676
4.58258,152.781
5.47723,1.28232
6.40312,56.6945
7.34847,0.362264
8.30662,0.000551448
9.27362,0.0866448
9.21954,1.31468
8.24621,340.996
7.28011,5.61681
6.32456,716.162
5.38516,18.0128
4.47214,2319.2
3.60555,21.6614
2.82843,13930.3
2.23607,23.9812
2,4476.25
2.23607,24.073
2.82843,1650.32
3.60555,8.86606
4.47214,5612.49
5.38516,2.48406
6.32456,1325.42
7.28011,0.312341
8.24621,215.165
9.21954,0.0194307
9.27362,0.0736593
8.30662,1.3387
7.34847,0.583878
6.40312,22.8109
5.47723,1.08334
4.58258,405.679
3.74166,1.4185
3,0.000548929
2.44949,6.91017
2.23607,2056.62
2.44949,4.97526
3,524.939
3.74166,2.65676
4.58258,152.781
5.47723,1.28232
6.40312,56.6945
7.34847,0.362264
8.30662,0.000551448
9.27362,0.0866448
9.43398,1.1855
8.48528,194.141
7.54983,4.61817
6.63325,1232.91
5.74456,10.3831
4.89898,3053.66
4.12311,23.2533
3.4641,1527.73
3,26.5357
2.82843,7387.45
3,14.3322
3.4641,8319.41
4.12311,7.07816
4.89898,1407.38
5.74456,1.8397
6.63325,831.665
7.54983,0.300128
8.48528,276.139
9.43398,0.0190052
9.69536,0.487652
8.77496,0.135974
7.87401,2.20471
7,3.30607
6.16441,8.06419
5.38516,80.6996
4.69042,19.8199
4.12311,0.165571
3.74166,24.4621
3.60555,364.403
3.74166,25.152
4.12311,102.309
4.69042,18.0328
5.38516,29.9175
6.16441,8.12344
7,9.9752
7.87401,2.42961
8.77496,0.00111456
9.69536,0.477797
9.16515,130.306
8.30662,2.47532
7.48331,457.416
6.7082,6.96376
6,1289.89
5.38516,11.2619
4.89898,3218.98
4.58258,11.7032
4.47214,2795.63
4.58258,9.18168
4.89898,2004.87
5.38516,4.16417
6,1611.07
6.7082,1.0387
7.48331,526.695
8.30662,0.143892
9.16515,118.147
9.64365,0.0191483
8.83176,2.96667
8.06226,0.0843657
7.34847,9.96303
6.7082,0.000189664
6.16441,21.6214
5.74456,0.141592
5.47723,32.4161
5.38516,1.08308
5.47723,33.6306
5.74456,0.00680276
6.16441,22.0197
6.7082,0.00102607
7.34847,9.78158
8.06226,0.0336035
8.83176,2.99798
9.64365,0.000471431
9.43398,0.914825
8.7178,175.259
8.06226,2.43568
7.48331,484.589
7,3.957
6.63325,1021.51
6.40312,4.67129
6.32456,1067.9
6.40312,3.36036
6.63325,826.486
7,1.35473
7.48331,537.639
8.06226,0.385353
8.7178,187.392
9.43398,0.056075
9.43398,0.164822
8.83176,5.71875
8.30662,0.60704
7.87401,12.7692
7.54983,0.078838
7.34847,19.6255
7.28011,6.55856
7.34847,19.1213
7.54983,0.921743
7.87401,12.9046
8.30662,0.258817
8.83176,5.84811
9.43398,0.187567
9.64365,0.56311
9.16515,125.643
8.77496,1.03508
8.48528,182.207
8.30662,1.11967
8.24621,285.717
8.30662,0.755654
8.48528,253.537
8.77496,0.353803
9.16515,108.381
9.64365,0.0897749
9.69536,4.30131
9.43398,0.028709
9.27362,6.31983
9.21954,0.412803
9.27362,6.3888
9.43398,0.27481
9.69536,4.29091
9.89949,0.152417
9.53939,85.8042
9.27362,0.17691
9.11043,117.159
9.05539,0.127202
9.11043,128.67
9.27362,0.043384
9.53939,88.3834
9.89949,0.00462742
9.48683,0.151751
9,6.5195
8.60233,0.694687
8.30662,11.7308
8.12404,0.0165971
8.06226,14.4982
8.12404,2.39327
8.30662,11.9628
8.60233,0.317542
9,6.54582
9.48683,0.0669303
9.94987,62.5177
9.27362,0.416889
8.66025,164.395
8.12404,0.856726
7.68115,390.942
7.34847,0.886946
7.14143,869.172
7.07107,0.566511
7.14143,573.29
7.34847,0.21045
7.68115,338.576
8.12404,0.0291361
8.66025,222.163
9.27362,2.10501e-05
9.94987,59.6524
9.27362,0.137182
8.544,5.31007
7.87401,2.21262
7.28011,15.074
6.78233,37.2338
6.40312,28.1404
6.16441,0.0479311
6.08276,32.8714
6.16441,74.9786
6.40312,27.1634
6.78233,14.0304
7.28011,14.7716
7.87401,2.65266
8.544,5.55134
9.27362,0.66127
9.48683,0.508327
8.66025,161.937
7.87401,1.42314
7.14143,867.235
6.48074,2.24745
5.91608,1719.99
5.47723,3.44665
5.19615,889.919
5.09902,2.24353
5.19615,2659.5
5.47723,0.727373
5.91608,2205.09
6.48074,0.0894112
7.14143,458.585
7.87401,0.00308773
8.66025,183.352
9.48683,0.0108087
9.89949,0.131571
9,1.61846
8.12404,1.96184
7.28011,7.2011
6.48074,20.9331
5.74456,17.4717
5.09902,234.126
4.58258,30.9657
4.24264,0.0286073
4.12311,42.2959
4.24264,545.901
4.58258,32.776
5.09902,92.7026
5.74456,18.7906
6.48074,18.0467
7.28011,6.63342
8.12404,4.42809
9,1.60801
9.89949,0.000500564
9.53939,91.3017
8.60233,1.00533
7.68115,533.673
6.78233,3.23846
5.91608,967.267
5.09902,7.17007
4.3589,2580.85
3.74166,5.80151
3.31662,9771.36
3.16228,4.45393
3.31662,3666.1
3.74166,1.67478
4.3589,1701.01
5.09902,0.172698
5.91608,2061.7
6.78233,0.000847192
7.68115,473.674
8.60233,0.0319907
9.53939,79.0477
9.27362,0.269245
8.30662,0.763912
7.34847,1.77596
6.40312,2.66069
5.47723,22.4628
4.58258,8.89394
3.74166,303.252
3,16.6083
2.44949,0.0423613
2.23607,16.9171
2.44949,659.311
3,15.627
3.74166,117.238
4.58258,7.85625
5.47723,22.504
6.40312,3.07576
7.34847,5.56425
8.30662,0.786547
9.11043,130.519
8.12404,1.67383
7.14143,596.174
6.16441,4.76842
5.19615,2575.08
4.24264,8.26102
3.31662,5368.34
2.44949,11.2809
1.73205,4726.68
1.41421,7.09327
1.73205,8177.89
2.44949,2.41594
3.31662,6204.2
4.24264,0.325895
5.19615,1829.35
6.16441,0.00587804
7.14143,637.843
8.12404,0.0396436
9.11043,140.373
9.11043,130.519
8.12404,1.67383
7.14143,596.174
6.16441,4.76842
5.19615,2575.08
4.24264,8.26102
3.31662,5368.34
2.44949,11.2809
1.73205,4726.68
1.41421,7.09327
1.73205,8177.89
2.44949,2.41594
3.31662,6204.2
4.24264,0.325895
5.19615,1829.35
6.16441,0.00587804
7.14143,637.843
8.12404,0.0396436
9.11043,140.373
9.27362,0.269245
8.30662,0.763912
7.34847,1.77596
6.40312,2.66069
5.47723,22.4628
4.58258,8.89394
3.74166,303.252
3,16.6083
2.44949,0.0423613
2.23607,16.9171
2.44949,659.311
3,15.627
3.74166,117.238
4.58258,7.85625
5.47723,22.504
6.40312,3.07576
7.34847,5.56425
8.30662,0.786547
9.53939,91.3017
8.60233,1.00533
7.68115,533.673
6.78233,3.23846
5.91608,967.267
5.09902,7.17007
4.3589,2580.85
3.74166,5.80151
3.31662,9771.36
3.16228,4.45393
3.31662,3666.1
3.74166,1.67478
4.3589,1701.01
5.09902,0.172698
5.91608,2061.7
6.78233,0.000847192
7.68115,473.674
8.60233,0.0319907
9.53939,79.0477
9.89949,0.131571
9,1.61846
8.12404,1.96184
7.28011,7.2011
6.48074,20.9331
5.74456,17.4717
5.09902,234.126
4.58258,30.9657
4.24264,0.0286073
4.12311,42.2959
4.24264,545.901
4.58258,32.776
5.09902,92.7026
5.74456,18.7906
6.48074,18.0467
7.28011,6.63342
8.12404,4.42809
9,1.60801
9.89949,0.000500564
9.48683,0.508327
8.66025,161.937
7.87401,1.42314
7.14143,867.235
6.48074,2.24745
5.91608,1719.99
5.47723,3.44665
5.19615,889.919
5.09902,2.24353
5.19615,2659.5
5.47723,0.727373
5.91608,2205.09
6.48074,0.0894112
7.14143,458.585
7.87401,0.00308773
8.66025,183.352
9.48683,0.0108087
9.27362,0.137182
8.544,5.31007
7.87401,2.21262
7.28011,15.074
6.78233,37.2338
6.40312,28.1404
6.16441,0.0479311
6.08276,32.8714
6.16441,74.9786
6.40312,27.1634
6.78233,14.0304
7.28011,14.7716
7.87401,2.65266
8.544,5.55134
9.27362,0.66127
9.94987,62.5177
9.27362,0.416889
8.66025,164.395
8.12404,0.856726
7.68115,390.942
7.34847,0.886946
7.14143,869.172
7.07107,0.566511
7.14143,573.29
7.34847,0.21045
7.68115,338.576
8.12404,0.0291361
8.66025,222.163
9.27362,2.10501e-05
9.94987,59.6524
9.48683,0.151751
9,6.5195
8.60233,0.694687
8.30662,11.7308
8.12404,0.0165971
8.06226,14.4982
8.12404,2.39327
8.30662,11.9628
8.60233,0.317542
9,6.54582
9.48683,0.0669303
9.89949,0.152417
9.53939,85.8042
9.27362,0.17691
9.11043,117.159
9.05539,0.127202
9.11043,128.67
9.27362,0.043384
9.53939,88.3834
9.89949,0.00462742
10,59.5618
9.84886,0.0547404
9.48683,5.26157
9.21954,0.68152
9.05539,7.82406
9.05539,7.82406
9.21954,0.68152
9.48683,5.26157
9.84886,0.0547404
10,50.5698
9.43398,0.0627994
8.94427,166.085
8.544,0.048099
8.24621,286.929
8.06226,0.0113045
8,261.545
8.06226,0.0113045
8.24621,286.929
8.544,0.048099
8.94427,166.085
9.43398,0.0627994
10,50.5698
9.89949,2.14221
9.21954,0.118453
8.60233,7.17668
8.06226,0.730805
7.61577,15.6302
7.28011,5.00844
7.07107,23.7244
7.07107,23.7244
7.28011,5.00844
7.61577,15.6302
8.06226,0.730805
8.60233,7.17668
9.21954,0.118453
9.89949,2.14221
10,55.9824
9.21954,0.152945
8.48528,236.256
7.81025,0.285701
7.2111,565.572
6.7082,0.217262
6.32456,1071.16
6.08276,0.0188604
6,1569.53
6.08276,0.0188604
6.32456,1071.16
6.7082,0.217262
7.2111,565.572
7.81025,0.285701
8.48528,236.256
9.21954,0.152945
10,55.9824
9.43398,0.000428912
8.60233,3.61463
7.81025,0.0279767
7.07107,12.1335
6.40312,0.106168
5.83095,27.5173
5.38516,0.387787
5.09902,39.567
5.09902,39.567
5.38516,0.387787
5.83095,27.5173
6.40312,0.106168
7.07107,12.1335
7.81025,0.0279767
8.60233,3.61463
9.43398,0.000428912
9.84886,0.148576
8.94427,155.975
8.06226,0.41689
7.2111,689.549
6.40312,0.685498
5.65685,1406.94
5,0.712467
4.47214,2802.8
4.12311,0.143181
4,5077.05
4.12311,0.143181
4.47214,2802.8
5,0.712467
5.65685,1406.94
6.40312,0.685498
7.2111,689.549
8.06226,0.41689
8.94427,155.975
9.84886,0.148576
9.48683,0.604264
8.544,1.04109
7.61577,3.00853
6.7082,5.31873
5.83095,9.07846
5,43.2261
4.24264,21.5473
3.60555,377.868
3.16228,33.631
3.16228,33.631
3.60555,377.868
4.24264,21.5473
5,43.2261
5.83095,9.07846
6.7082,5.31873
7.61577,3.00853
8.544,1.04109
9.48683,0.604264
9.21954,0.253598
8.24621,264.215
7.28011,0.935082
6.32456,783.103
5.38516,1.3998
4.47214,5074.86
3.60555,0.630893
2.82843,7434.31
2.23607,0.203485
2,1612.29
2.23607,0.203485
2.82843,7434.31
3.60555,0.630893
4.47214,5074.86
5.38516,1.3998
6.32456,783.103
7.28011,0.935082
8.24621,264.215
9.21954,0.253598
9.05539,0.0850316
8.06226,5.02834
7.07107,0.438306
6.08276,31.0976
5.09902,2.31886
4.12311,241.584
3.16228,3.26451
2.23607,2037.47
1.41421,4.72079
1.41421,4.72079
2.23607,2037.47
3.16228,3.26451
4.12311,241.584
5.09902,2.31886
6.08276,31.0976
7.07107,0.438306
8.06226,5.02834
9.05539,0.0850316
10,50.5597
9,0.34817
8,373.395
7,0.773448
6,2117.74
5,1.65306
4,1484.69
3,2.26701
2,4468.25
1,0.130971
1,0.130971
2,4468.25
3,2.26701
4,1484.69
5,1.65306
6,2117.74
7,0.773448
8,373.395
9,0.34817
10,50.5597
9.05539,0.0850316
8.06226,5.02834
7.07107,0.438306
6.08276,31.0976
5.09902,2.31886
4.12311,241.584
3.16228,3.26451
2.23607,2037.47
1.41421,4.72079
1.41421,4.72079
2.23607,2037.47
3.16228,3.26451
4.12311,241.584
5.09902,2.31886
6.08276,31.0976
7.07107,0.438306
8.06226,5.02834
9.05539,0.0850316
9.21954,0.253598
8.24621,264.215
7.28011,0.935082
6.32456,783.103
5.38516,1.3998
4.47214,5074.86
3.60555,0.630893
2.82843,7434.31
2.23607,0.203485
2,1612.29
2.23607,0.203485
2.82843,7434.31
3.60555,0.630893
4.47214,5074.86
5.38516,1.3998
6.32456,783.103
7.28011,0.935082
8.24621,264.215
9.21954,0.253598
9.48683,0.604264
8.544,1.04109
7.61577,3.00853
6.7082,5.31873
5.83095,9.07846
5,43.2261
4.24264,21.5473
3.60555,377.868
3.16228,33.631
3.16228,33.631
3.60555,377.868
4.24264,21.5473
5,43.2261
5.83095,9.07846
6.7082,5.31873
7.61577,3.00853
8.544,1.04109
9.48683,0.604264
9.84886,0.148576
8.94427,155.975
8.06226,0.41689
7.2111,689.549
6.40312,0.685498
5.65685,1406.94
5,0.712467
4.47214,2802.8
4.12311,0.143181
4,5077.05
4.12311,0.143181
4.47214,2802.8
5,0.712467
5.65685,1406.94
6.40312,0.685498
7.2111,689.549
8.06226,0.41689
8.94427,155.975
9.84886,0.148576
9.43398,0.000428912
8.60233,3.61463
7.81025,0.0279767
7.07107,12.1335
6.40312,0.106168
5.83095,27.5173
5.38516,0.387787
5.09902,39.567
5.09902,39.567
5.38516,0.387787
5.83095,27.5173
6.40312,0.106168
7.07107,12.1335
7.81025,0.0279767
8.60233,3.61463
9.43398,0.000428912
10,55.9824
9.21954,0.152945
8.48528,236.256
7.81025,0.285701
7.2111,565.572
6.7082,0.217262
6.32456,1071.16
6.08276,0.0188604
6,1569.53
6.08276,0.0188604
6.32456,1071.16
6.7082,0.217262
7.2111,565.572
7.81025,0.285701
8.48528,236.256
9.21954,0.152945
10,55.9824
9.89949,2.14221
9.21954,0.118453
8.60233,7.17668
8.06226,0.730805
7.61577,15.6302
7.28011,5.00844
7.07107,23.7244
7.07107,23.7244
7.28011,5.00844
7.61577,15.6302
8.06226,0.730805
8.60233,7.17668
9.21954,0.118453
9.89949,2.14221
10,50.5698
9.43398,0.0627994
8.94427,166.085
8.544,0.048099
8.24621,286.929
8.06226,0.0113045
8,261.545
8.06226,0.0113045
8.24621,286.929
8.544,0.048099
8.94427,166.085
9.43398,0.0627994
10,50.5698
9.84886,0.0547404
9.48683,5.26157
9.21954,0.68152
9.05539,7.82406
9.05539,7.82406
9.21954,0.68152
9.48683,5.26157
9.84886,0.0547404
10,59.5618
9.89949,0.00462742
9.53939,88.3834
9.27362,0.043384
9.11043,128.67
9.05539,0.127202
9.11043,117.159
9.27362,0.17691
9.53939,85.8042
9.89949,0.152417
9.48683,0.0669303
9,6.54582
8.60233,0.317542
8.30662,11.9628
8.12404,2.39327
8.06226,14.4982
8.12404,0.0165971
8.30662,11.7308
8.60233,0.694687
9,6.5195
9.48683,0.151751
9.94987,59.6524
9.27362,2.10501e-05
8.66025,222.163
8.12404,0.0291361
7.68115,338.576
7.34847,0.21045
7.14143,573.29
7.07107,0.566511
7.14143,869.172
7.34847,0.886946
7.68115,390.942
8.12404,0.856726
8.66025,164.395
9.27362,0.416889
9.94987,62.5177
9.27362,0.66127
8.544,5.55134
7.87401,2.65266
7.28011,14.7716
6.78233,14.0304
6.40312,27.1634
6.16441,74.9786
6.08276,32.8714
6.16441,0.0479311
6.40312,28.1404
6.78233,37.2338
7.28011,15.074
7.87401,2.21262
8.544,5.31007
9.27362,0.137182
9.48683,0.0108087
8.66025,183.352
7.87401,0.00308773
7.14143,458.585
6.48074,0.0894112
5.91608,2205.09
5.47723,0.727373
5.19615,2659.5
5.09902,2.24353
5.19615,889.919
5.47723,3.44665
5.91608,1719.99
6.48074,2.24745
7.14143,867.235
7.87401,1.42314
8.66025,161.937
9.48683,0.508327
9.89949,0.000500564
9,1.60801
8.12404,4.42809
7.28011,6.63342
6.48074,18.0467
5.74456,18.7906
5.09902,92.7026
4.58258,32.776
4.24264,545.901
4.12311,42.2959
4.24264,0.0286073
4.58258,30.9657
5.09902,234.126
5.74456,17.4717
6.48074,20.9331
7.28011,7.2011
8.12404,1.96184
9,1.61846
9.89949,0.131571
9.53939,79.0477
8.60233,0.0319907
7.68115,473.674
6.78233,0.000847192
5.91608,2061.7
5.09902,0.172698
4.3589,1701.01
3.74166,1.67478
3.31662,3666.1
3.16228,4.45393
3.31662,9771.36
3.74166,5.80151
4.3589,2580.85
5.09902,7.17007
5.91608,967.267
6.78233,3.23846
7.68115,533.673
8.60233,1.00533
9.53939,91.3017
8.30662,0.786547
7.34847,5.56425
6.40312,3.07576
5.47723,22.504
4.58258,7.85625
3.74166,117.238
3,15.627
2.44949,659.311
2.23607,16.9171
2.44949,0.0423613
3,16.6083
3.74166,303.252
4.58258,8.89394
5.47723,22.4628
6.40312,2.66069
7.34847,1.77596
8.30662,0.763912
9.27362,0.269245
9.11043,140.373
8.12404,0.0396436
7.14143,637.843
6.16441,0.00587804
5.19615,1829.35
4.24264,0.325895
3.31662,6204.2
2.44949,2.41594
1.73205,8177.89
1.41421,7.09327
1.73205,4726.68
2.44949,11.2809
3.31662,5368.34
4.24264,8.26102
5.19615,2575.08
6.16441,4.76842
7.14143,596.174
8.12404,1.67383
9.11043,130.519
9.11043,140.373
8.12404,0.0396436
7.14143,637.843
6.16441,0.00587804
5.19615,1829.35
4.24264,0.325895
3.31662,6204.2
2.44949,2.41594
1.73205,8177.89
1.41421,7.09327
1.73205,4726.68
2.44949,11.2809
3.31662,5368.34
4.24264,8.26102
5.19615,2575.08
6.16441,4.76842
7.14143,596.174
8.12404,1.67383
9.11043,130.519
8.30662,0.786547
7.34847,5.56425
6.40312,3.07576
5.47723,22.504
4.58258,7.85625
3.74166,117.238
3,15.627
2.44949,659.311
2.23607,16.9171
2.44949,0.0423613
3,16.6083
3.74166,303.252
4.58258,8.89394
5.47723,22.4628
6.40312,2.66069
7.34847,1.77596
8.30662,0.763912
9.27362,0.269245
9.53939,79.0477
8.60233,0.0319907
7.68115,473.674
6.78233,0.000847192
5.91608,2061.7
5.09902,0.172698
4.3589,1701.01
3.74166,1.67478
3.31662,3666.1
3.16228,4.45393
3.31662,9771.36
3.74166,5.80151
4.3589,2580.85
5.09902,7.17007
5.91608,967.267
6.78233,3.23846
7.68115,533.673
8.60233,1.00533
9.53939,91.3017
9.89949,0.000500564
9,1.60801
8.12404,4.42809
7.28011,6.63342
6.48074,18.0467
5.74456,18.7906
5.09902,92.7026
4.58258,32.776
4.24264,545.901
4.12311,42.2959
4.24264,0.0286073
4.58258,30.9657
5.09902,234.126
5.74456,17.4717
6.48074,20.9331
7.28011,7.2011
8.12404,1.96184
9,1.61846
9.89949,0.131571
9.48683,0.0108087
8.66025,183.352
7.87401,0.00308773
7.14143,458.585
6.48074,0.0894112
5.91608,2205.09
5.47723,0.727373
5.19615,2659.5
5.09902,2.24353
5.19615,889.919
5.47723,3.44665
5.91608,1719.99
6.48074,2.24745
7.14143,867.235
7.87401,1.42314
8.66025,161.937
9.48683,0.508327
9.27362,0.66127
8.544,5.55134
7.87401,2.65266
7.28011,14.7716
6.78233,14.0304
6.40312,27.1634
6.16441,74.9786
6.08276,32.8714
6.16441,0.0479311
6.40312,28.1404
6.78233,37.2338
7.28011,15.074
7.87401,2.21262
8.544,5.31007
9.27362,0.137182
9.94987,59.6524
9.27362,2.10501e-05
8.66025,222.163
8.12404,0.0291361
7.68115,338.576
7.34847,0.21045
7.14143,573.29
7.07107,0.566511
7.14143,869.172
7.34847,0.886946
7.68115,390.942
8.12404,0.856726
8.66025,164.395
9.27362,0.416889
9.94987,62.5177
9.48683,0.0669303
9,6.54582
8.60233,0.317542
8.30662,11.9628
8.12404,2.39327
8.06226,14.4982
8.12404,0.0165971
8.30662,11.7308
8.60233,0.694687
9,6.5195
9.48683,0.151751
9.89949,0.00462742
9.53939,88.3834
9.27362,0.043384
9.11043,128.67
9.05539,0.127202
9.11043,117.159
9.27362,0.17691
9.53939,85.8042
9.89949,0.152417
9.69536,4.29091
9.43398,0.27481
9.27362,6.3888
9.21954,0.412803
9.27362,6.31983
9.43398,0.028709
9.69536,4.30131
9.64365,0.0897749
9.16515,108.381
8.77496,0.353803
8.48528,253.537
8.30662,0.755654
8.24621,285.717
8.30662,1.11967
8.48528,182.207
8.77496,1.03508
9.16515,125.643
9.64365,0.56311
9.43398,0.187567
8.83176,5.84811
8.30662,0.258817
7.87401,12.9046
7.54983,0.921743
7.34847,19.1213
7.28011,6.55856
7.34847,19.6255
7.54983,0.078838
7.87401,12.7692
8.30662,0.60704
8.83176,5.71875
9.43398,0.164822
9.43398,0.056075
8.7178,187.392
8.06226,0.385353
7.48331,537.639
7,1.35473
6.63325,826.486
6.40312,3.36036
6.32456,1067.9
6.40312,4.67129
6.63325,1021.51
7,3.957
7.48331,484.589
8.06226,2.43568
8.7178,175.259
9.43398,0.914825
9.64365,0.000471431
8.83176,2.99798
8.06226,0.0336035
7.34847,9.78158
6.7082,0.00102607
6.16441,22.0197
5.74456,0.00680276
5.47723,33.6306
5.38516,1.08308
5.47723,32.4161
5.74456,0.141592
6.16441,21.6214
6.7082,0.000189664
7.34847,9.96303
8.06226,0.0843657
8.83176,2.96667
9.64365,0.0191483
9.16515,118.147
8.30662,0.143892
7.48331,526.695
6.7082,1.0387
6,1611.07
5.38516,4.16417
4.89898,2004.87
4.58258,9.18168
4.47214,2795.63
4.58258,11.7032
4.89898,3218.98
5.38516,11.2619
6,1289.89
6.7082,6.96376
7.48331,457.416
8.30662,2.47532
9.16515,130.306
9.69536,0.477797
8.77496,0.00111456
7.87401,2.42961
7,9.9752
6.16441,8.12344
5.38516,29.9175
4.69042,18.0328
4.12311,102.309
3.74166,25.152
3.60555,364.403
3.74166,24.4621
4.12311,0.165571
4.69042,19.8199
5.38516,80.6996
6.16441,8.06419
7,3.30607
7.87401,2.20471
8.77496,0.135974
9.69536,0.487652
9.43398,0.0190052
8.48528,276.139
7.54983,0.300128
6.63325,831.665
5.74456,1.8397
4.89898,1407.38
4.12311,7.07816
3.4641,8319.41
3,14.3322
2.82843,7387.45
3,26.5357
3.4641,1527.73
4.12311,23.2533
4.89898,3053.66
5.74456,10.3831
6.63325,1232.91
7.54983,4.61817
8.48528,194.141
9.43398,1.1855
9.27362,0.0866448
8.30662,0.000551448
7.34847,0.362264
6.40312,56.6945
5.47723,1.28232
4.58258,152.781
3.74166,2.65676
3,524.939
2.44949,4.97526
2.23607,2056.62
2.44949,6.91017
3,0.000548929
3.74166,1.4185
4.58258,405.679
5.47723,1.08334
6.40312,22.8109
7.34847,0.583878
8.30662,1.3387
9.27362,0.0736593
9.21954,0.0194307
8.24621,215.165
7.28011,0.312341
6.32456,1325.42
5.38516,2.48406
4.47214,5612.49
3.60555,8.86606
2.82843,1650.32
2.23607,24.073
2,4476.25
2.23607,23.9812
2.82843,13930.3
3.60555,21.6614
4.47214,2319.2
5.38516,18.0128
6.32456,716.162
7.28011,5.61681
8.24621,340.996
9.21954,1.31468
9.27362,0.0866448
8.30662,0.000551448
7.34847,0.362264
6.40312,56.6945
5.47723,1.28232
4.58258,152.781
3.74166,2.65676
3,524.939
2.44949,4.97526
2.23607,2056.62
2.44949,6.91017
3,0.000548929
3.74166,1.4185
4.58258,405.679
5.47723,1.08334
6.40312,22.8109
7.34847,0.583878
8.30662,1.3387
9.27362,0.0736593
9.43398,0.0190052
8.48528,276.139
7.54983,0.300128
6.63325,831.665
5.74456,1.8397
4.89898,1407.38
4.12311,7.07816
3.4641,8319.41
3,14.3322
2.82843,7387.45
3,26.5357
3.4641,1527.73
4.12311,23.2533
4.89898,3053.66
5.74456,10.3831
6.63325,1232.91
7.54983,4.61817
8.48528,194.141
9.43398,1.1855
9.69536,0.477797
8.77496,0.00111456
7.87401,2.42961
7,9.9752
6.16441,8.12344
5.38516,29.9175
4.69042,18.0328
4.12311,102.309
3.74166,25.152
3.60555,364.403
3.74166,24.4621
4.12311,0.165571
4.69042,19.8199
5.38516,80.6996
6.16441,8.06419
7,3.30607
7.87401,2.20471
8.77496,0.135974
9.69536,0.487652
9.16515,118.147
8.30662,0.143892
7.48331,526.695
6.7082,1.0387
6,1611.07
5.38516,4.16417
4.89898,2004.87
4.58258,9.18168
4.47214,2795.63
4.58258,11.7032
4.89898,3218.98
5.38516,11.2619
6,1289.89
6.7082,6.96376
7.48331,457.416
8.30662,2.47532
9.16515,130.306
9.64365,0.000471431
8.83176,2.99798
8.06226,0.0336035
7.34847,9.78158
6.7082,0.00102607
6.16441,22.0197
5.74456,0.00680276
5.47723,33.6306
5.38516,1.08308
5.47723,32.4161
5.74456,0.141592
6.16441,21.6214
6.7082,0.000189664
7.34847,9.96303
8.06226,0.0843657
8.83176,2.96667
9.64365,0.0191483
9.43398,0.056075
8.7178,187.392
8.06226,0.385353
7.48331,537.639
7,1.35473
6.63325,826.486
6.40312,3.36036
6.32456,1067.9
6.40312,4.67129
6.63325,1021.51
7,3.957
7.48331,484.589
8.06226,2.43568
8.7178,175.259
9.43398,0.914825
9.43398,0.187567
8.83176,5.84811
8.30662,0.258817
7.87401,12.9046
7.54983,0.921743
7.34847,19.1213
7.28011,6.55856
7.34847,19.6255
7.54983,0.078838
7.87401,12.7692
8.30662,0.60704
8.83176,5.71875
9.43398,0.164822
9.64365,0.0897749
9.16515,108.381
8.77496,0.353803
8.48528,253.537
8.30662,0.755654
8.24621,285.717
8.30662,1.11967
8.48528,182.207
8.77496,1.03508
9.16515,125.643
9.64365,0.56311
9.69536,4.29091
9.43398,0.27481
9.27362,6.3888
9.21954,0.412803
9.27362,6.31983
9.43398,0.028709
9.69536,4.30131
9.94987,54.157
9.69536,0.461363
9.53939,87.7815
9.48683,0.724697
9.53939,85.1658
9.69536,0.754772
9.94987,53.3582
9.89949,0.162028
9.43398,4.33777
9.05539,0.0456983
8.77496,7.85856
8.60233,0.11866
8.544,9.74884
8.60233,1.60632
8.77496,7.95535
9.05539,0.0679381
9.43398,4.2592
9.89949,0.00956203
9.69536,0.260027
9.11043,134.217
8.60233,0.966468
8.18535,339.809
7.87401,2.40302
7.68115,335.637
7.61577,3.8783
7.68115,388.913
7.87401,3.59811
8.18535,351.238
8.60233,2.45396
9.11043,121.078
9.69536,1.14184
9.69536,0.00691441
9,3.67806
8.3666,2.62518
7.81025,9.98581
7.34847,7.33318
7,18.7189
6.78233,16.4146
6.7082,21.7363
6.78233,29.8491
7,17.2859
7.34847,0.18226
7.81025,10.3875
8.3666,4.26881
9,3.67697
9.69536,0.025834
9.89949,0.149425
9.11043,154.776
8.3666,0.884299
7.68115,392.758
7.07107,3.42815
6.55744,624.321
6.16441,8.02106
5.91608,2194.9
5.83095,11.1212
5.91608,1701.53
6.16441,13.6731
6.55744,552.467
7.07107,9.02947
7.68115,474.671
8.3666,3.47961
9.11043,147.945
9.89949,1.08378
9.43398,1.10944
8.60233,0.00380289
7.81025,4.45454
7.07107,23.8547
6.40312,12.3011
5.83095,37.011
5.38516,20.5346
5.09902,84.8604
5,27.6431
5.09902,258.001
5.38516,24.7155
5.83095,0.139304
6.40312,10.8097
7.07107,18.88
7.81025,4.27402
8.60233,1.17477
9.43398,1.14855
9.94987,61.283
9.05539,0.32783
8.18535,236.396
7.34847,2.00632
6.55744,1089.13
5.83095,7.24603
5.19615,3276
4.69042,17.6868
4.3589,1680.5
4.24264,32.089
4.3589,2576.22
4.69042,26.4328
5.19615,3547.55
5.83095,17.5726
6.55744,852.949
7.34847,9.07297
8.18535,243.885
9.05539,2.4425
9.94987,63.0318
9.69536,0.112275
8.77496,0.499934
7.87401,0.00630957
7,2.05845
6.16441,26.05
5.38516,5.35999
4.69042,53.5163
4.12311,11.2823
3.74166,121.181
3.60555,11.9144
3.74166,288.082
4.12311,8.07448
4.69042,0.14105
5.38516,6.44983
6.16441,29.2449
7,2.13961
7.87401,0.733972
8.77496,0.45121
9.69536,0.0160402
9.53939,87.9617
8.60233,0.50398
7.68115,484.608
6.78233,2.9706
5.91608,1388.27
5.09902,11.3828
4.3589,2601.16
3.74166,27.3492
3.31662,6169.36
3.16228,39.4967
3.31662,5319.09
3.74166,44.3653
4.3589,2445.3
5.09902,29.7747
5.91608,1531.86
6.78233,12.145
7.68115,469.722
8.60233,3.65363
9.53939,84.6064
9.53939,87.9617
8.60233,0.50398
7.68115,484.608
6.78233,2.9706
5.91608,1388.27
5.09902,11.3828
4.3589,2601.16
3.74166,27.3492
3.31662,6169.36
3.16228,39.4967
3.31662,5319.09
3.74166,44.3653
4.3589,2445.3
5.09902,29.7747
5.91608,1531.86
6.78233,12.145
7.68115,469.722
8.60233,3.65363
9.53939,84.6064
9.69536,0.112275
8.77496,0.499934
7.87401,0.00630957
7,2.05845
6.16441,26.05
5.38516,5.35999
4.69042,53.5163
4.12311,11.2823
3.74166,121.181
3.60555,11.9144
3.74166,288.082
4.12311,8.07448
4.69042,0.14105
5.38516,6.44983
6.16441,29.2449
7,2.13961
7.87401,0.733972
8.77496,0.45121
9.69536,0.0160402
9.94987,61.283
9.05539,0.32783
8.18535,236.396
7.34847,2.00632
6.55744,1089.13
5.83095,7.24603
5.19615,3276
4.69042,17.6868
4.3589,1680.5
4.24264,32.089
4.3589,2576.22
4.69042,26.4328
5.19615,3547.55
5.83095,17.5726
6.55744,852.949
7.34847,9.07297
8.18535,243.885
9.05539,2.4425
9.94987,63.0318
9.43398,1.10944
8.60233,0.00380289
7.81025,4.45454
7.07107,23.8547
6.40312,12.3011
5.83095,37.011
5.38516,20.5346
5.09902,84.8604
5,27.6431
5.09902,258.001
5.38516,24.7155
5.83095,0.139304
6.40312,10.8097
7.07107,18.88
7.81025,4.27402
8.60233,1.17477
9.43398,1.14855
9.89949,0.149425
9.11043,154.776
8.3666,0.884299
7.68115,392.758
7.07107,3.42815
6.55744,624.321
6.16441,8.02106
5.91608,2194.9
5.83095,11.1212
5.91608,1701.53
6.16441,13.6731
6.55744,552.467
7.07107,9.02947
7.68115,474.671
8.3666,3.47961
9.11043,147.945
9.89949,1.08378
9.69536,0.00691441
9,3.67806
8.3666,2.62518
7.81025,9.98581
7.34847,7.33318
7,18.7189
6.78233,16.4146
6.7082,21.7363
6.78233,29.8491
7,17.2859
7.34847,0.18226
7.81025,10.3875
8.3666,4.26881
9,3.67697
9.69536,0.025834
9.69536,0.260027
9.11043,134.217
8.60233,0.966468
8.18535,339.809
7.87401,2.40302
7.68115,335.637
7.61577,3.8783
7.68115,388.913
7.87401,3.59811
8.18535,351.238
8.60233,2.45396
9.11043,121.078
9.69536,1.14184
9.89949,0.162028
9.43398,4.33777
9.05539,0.0456983
8.77496,7.85856
8.60233,0.11866
8.544,9.74884
8.60233,1.60632
8.77496,7.95535
9.05539,0.0679381
9.43398,4.2592
9.89949,0.00956203
9.94987,54.157
9.69536,0.461363
9.53939,87.7815
9.48683,0.724697
9.53939,85.1658
9.69536,0.754772
9.94987,53.3582
9.89949,3.5021
9.84886,0.253129
9.89949,3.45157
9.79796,63.9617
9.43398,1.05823
9.16515,107.203
9,1.89745
8.94427,163.977
9,2.166
9.16515,124.134
9.43398,1.77675
9.79796,58.9276
9.48683,3.16799
9,0.623199
8.60233,7.10186
8.30662,0.0891483
8.12404,10.3022
8.06226,0.138562
8.12404,10.4261
8.30662,2.03216
8.60233,7.1282
9,0.0971179
9.48683,3.09361
9.38083,96.543
8.77496,1.59597
8.24621,278.069
7.81025,4.2985
7.48331,531.996
7.28011,7.63983
7.2111,556.948
7.28011,9.47463
7.48331,479.921
7.81025,7.25654
8.24621,287.97
8.77496,3.7232
9.38083,97.7052
9.48683,1.63319
8.77496,0.024908
8.12404,5.43163
7.54983,0.212947
7.07107,11.8217
6.7082,0.0607854
6.48074,17.7689
6.40312,0.086028
6.48074,18.1273
6.7082,0.680707
7.07107,11.8322
7.54983,0.170283
8.12404,5.27991
8.77496,0.0429338
9.48683,1.60676
9.79796,69.4264
9,1.04434
8.24621,253.067
7.54983,4.32576
6.9282,785.141
6.40312,11.5733
6,1594.5
5.74456,21.8816
5.65685,1383.65
5.74456,26.4489
6,1278.68
6.40312,19.3121
6.9282,857.357
7.54983,10.3022
8.24621,265.128
9,3.66278
9.79796,64.7077
9.43398,0.244316
8.60233,1.30926
7.81025,0.0271597
7.07107,4.21664
6.40312,20.5809
5.83095,9.59331
5.38516,33.0582
5.09902,16.0655
5,49.7496
5.09902,13.3581
5.38516,68.3136
5.83095,8.52682
6.40312,0.169644
7.07107,4.74615
7.81025,3.97404
8.60233,1.30737
9.43398,0.0213206
9.16515,120.113
8.30662,1.89212
7.48331,663.359
6.7082,7.85645
6,1193.75
5.38516,23.575
4.89898,1390.3
4.58258,39.1256
4.47214,5031.56
4.58258,40.7672
4.89898,3003.58
5.38516,39.923
6,801.2
6.7082,20.188
7.48331,548.271
8.30662,6.24102
9.16515,137.584
9.89949,0.0441098
9,0.961867
8.12404,0.213356
7.28011,3.11845e-05
6.48074,0.814027
5.74456,127.384
5.09902,1.78786
4.58258,151.991
4.24264,1.05836
4.12311,229.204
4.24264,3.08141
4.58258,421.367
5.09902,2.87888
5.74456,0.00290534
6.48074,0.366629
7.28011,15.8699
8.12404,0.187501
9,0.477151
9.89949,0.0531065
9.84886,0.363507
8.94427,163.639
8.06226,2.34379
7.2111,408.815
6.40312,10.045
5.65685,2027.24
5,24.2255
4.47214,5559.12
4.12311,48.2841
4,1440.79
4.12311,68.4031
4.47214,2317.56
5,40.4006
5.65685,2898.2
6.40312,21.6815
7.2111,540.965
8.06226,8.70844
8.94427,128.828
9.84886,1.85444
9.89949,0.0441098
9,0.961867
8.12404,0.213356
7.28011,3.11845e-05
6.48074,0.814027
5.74456,127.384
5.09902,1.78786
4.58258,151.991
4.24264,1.05836
4.12311,229.204
4.24264,3.08141
4.58258,421.367
5.09902,2.87888
5.74456,0.00290534
6.48074,0.366629
7.28011,15.8699
8.12404,0.187501
9,0.477151
9.89949,0.0531065
9.16515,120.113
8.30662,1.89212
7.48331,663.359
6.7082,7.85645
6,1193.75
5.38516,23.575
4.89898,1390.3
4.58258,39.1256
4.47214,5031.56
4.58258,40.7672
4.89898,3003.58
5.38516,39.923
6,801.2
6.7082,20.188
7.48331,548.271
8.30662,6.24102
9.16515,137.584
9.43398,0.244316
8.60233,1.30926
7.81025,0.0271597
7.07107,4.21664
6.40312,20.5809
5.83095,9.59331
5.38516,33.0582
5.09902,16.0655
5,49.7496
5.09902,13.3581
5.38516,68.3136
5.83095,8.52682
6.40312,0.169644
7.07107,4.74615
7.81025,3.97404
8.60233,1.30737
9.43398,0.0213206
9.79796,69.4264
9,1.04434
8.24621,253.067
7.54983,4.32576
6.9282,785.141
6.40312,11.5733
6,1594.5
5.74456,21.8816
5.65685,1383.65
5.74456,26.4489
6,1278.68
6.40312,19.3121
6.9282,857.357
7.54983,10.3022
8.24621,265.128
9,3.66278
9.79796,64.7077
9.48683,1.63319
8.77496,0.024908
8.12404,5.43163
7.54983,0.212947
7.07107,11.8217
6.7082,0.0607854
6.48074,17.7689
6.40312,0.086028
6.48074,18.1273
6.7082,0.680707
7.07107,11.8322
7.54983,0.170283
8.12404,5.27991
8.77496,0.0429338
9.48683,1.60676
9.38083,96.543
8.77496,1.59597
8.24621,278.069
7.81025,4.2985
7.48331,531.996
7.28011,7.63983
7.2111,556.948
7.28011,9.47463
7.48331,479.921
7.81025,7.25654
8.24621,287.97
8.77496,3.7232
9.38083,97.7052
9.48683,3.16799
9,0.623199
8.60233,7.10186
8.30662,0.0891483
8.12404,10.3022
8.06226,0.138562
8.12404,10.4261
8.30662,2.03216
8.60233,7.1282
9,0.0971179
9.48683,3.09361
9.79796,63.9617
9.43398,1.05823
9.16515,107.203
9,1.89745
8.94427,163.977
9,2.166
9.16515,124.134
9.43398,1.77675
9.79796,58.9276
9.89949,3.5021
9.84886,0.253129
9.89949,3.45157
9.89949,0.270416
9.64365,3.5078
9.48683,0.000723645
9.43398,4.21457
9.48683,0.0023008
9.64365,3.51722
9.89949,0.32681
9.94987,51.3659
9.48683,1.54533
9.11043,132.432
8.83176,3.1672
8.66025,217.598
8.60233,4.61719
8.66025,160.41
8.83176,4.44264
9.11043,119.606
9.48683,2.61255
9.94987,62.0021
9.84886,1.64665
9.27362,0.048469
8.77496,4.35219
8.3666,2.07032
8.06226,7.97848
7.87401,4.34328
7.81025,10.3658
7.87401,4.47425
8.06226,7.83669
8.3666,1.84818
8.77496,4.20107
9.27362,0.0949159
9.84886,1.65436
9.94987,55.9321
9.27362,1.60005
8.66025,236.51
8.12404,5.06961
7.68115,386.402
7.34847,11.6595
7.14143,448.123
7.07107,15.5176
7.14143,853.421
7.34847,13.4077
7.68115,465.961
8.12404,9.36161
8.66025,150.397
9.27362,3.81859
9.94987,59.0745
9.48683,0.264449
8.77496,1.94894
8.12404,0.0445036
7.54983,5.6004
7.07107,25.7434
6.7082,10.1325
6.48074,14.555
6.40312,10.3794
6.48074,14.2635
6.7082,10.1106
7.07107,26.6091
7.54983,5.88146
8.12404,0.0941064
8.77496,1.81434
9.48683,0.192806
9.89949,0.743097
9.11043,136.812
8.3666,3.6617
7.68115,329.983
7.07107,12.0188
6.55744,1076.05
6.16441,23.1714
5.91608,2020.85
5.83095,34.6562
5.91608,938.265
6.16441,35.7013
6.55744,845.534
7.07107,19.4265
7.68115,542.938
8.3666,8.12491
9.11043,122.2
9.89949,2.36671
9.64365,0.223881
8.83176,0.609793
8.06226,0.937353
7.34847,0.0332325
6.7082,2.31059
6.16441,24.6297
5.74456,4.1738
5.47723,26.2521
5.38516,6.69554
5.47723,26.4551
5.74456,4.1918
6.16441,24.0329
6.7082,2.02267
7.34847,0.0619023
8.06226,0.992856
8.83176,0.689058
9.64365,0.224674
9.48683,1.12345
8.66025,192.254
7.87401,5.43444
7.14143,728.784
6.48074,17.2481
5.91608,1367.1
5.47723,38.3141
5.19615,1789.15
5.09902,52.6028
5.19615,2528.39
5.47723,46.8879
5.91608,1506.52
6.48074,31.0034
7.14143,566.348
7.87401,12.7636
8.66025,196.026
9.48683,3.42274
9.48683,1.12345
8.66025,192.254
7.87401,5.43444
7.14143,728.784
6.48074,17.2481
5.91608,1367.1
5.47723,38.3141
5.19615,1789.15
5.09902,52.6028
5.19615,2528.39
5.47723,46.8879
5.91608,1506.52
6.48074,31.0034
7.14143,566.348
7.87401,12.7636
8.66025,196.026
9.48683,3.42274
9.64365,0.223881
8.83176,0.609793
8.06226,0.937353
7.34847,0.0332325
6.7082,2.31059
6.16441,24.6297
5.74456,4.1738
5.47723,26.2521
5.38516,6.69554
5.47723,26.4551
5.74456,4.1918
6.16441,24.0329
6.7082,2.02267
7.34847,0.0619023
8.06226,0.992856
8.83176,0.689058
9.64365,0.224674
9.89949,0.743097
9.11043,136.812
8.3666,3.6617
7.68115,329.983
7.07107,12.0188
6.55744,1076.05
6.16441,23.1714
5.91608,2020.85
5.83095,34.6562
5.91608,938.265
6.16441,35.7013
6.55744,845.534
7.07107,19.4265
7.68115,542.938
8.3666,8.12491
9.11043,122.2
9.89949,2.36671
9.48683,0.264449
8.77496,1.94894
8.12404,0.0445036
7.54983,5.6004
7.07107,25.7434
6.7082,10.1325
6.48074,14.555
6.40312,10.3794
6.48074,14.2635
6.7082,10.1106
7.07107,26.6091
7.54983,5.88146
8.12404,0.0941064
8.77496,1.81434
9.48683,0.192806
9.94987,55.9321
9.27362,1.60005
8.66025,236.51
8.12404,5.06961
7.68115,386.402
7.34847,11.6595
7.14143,448.123
7.07107,15.5176
7.14143,853.421
7.34847,13.4077
7.68115,465.961
8.12404,9.36161
8.66025,150.397
9.27362,3.81859
9.94987,59.0745
9.84886,1.64665
9.27362,0.048469
8.77496,4.35219
8.3666,2.07032
8.06226,7.97848
7.87401,4.34328
7.81025,10.3658
7.87401,4.47425
8.06226,7.83669
8.3666,1.84818
8.77496,4.20107
9.27362,0.0949159
9.84886,1.65436
9.94987,51.3659
9.48683,1.54533
9.11043,132.432
8.83176,3.1672
8.66025,217.598
8.60233,4.61719
8.66025,160.41
8.83176,4.44264
9.11043,119.606
9.48683,2.61255
9.94987,62.0021
9.89949,0.270416
9.64365,3.5078
9.48683,0.000723645
9.43398,4.21457
9.48683,0.0023008
9.64365,3.51722
9.89949,0.32681
10,48.9456
9.69536,2.56018
9.43398,0.476945
9.27362,3.82071
9.21954,0.00643342
9.27362,3.70008
9.43398,0.0138736
9.69536,2.51985
9.84886,1.54525
9.38083,94.7998
9,3.95683
8.7178,182.239
8.544,6.54752
8.48528,228.841
8.544,7.34537
8.7178,170.104
9,5.58813
9.38083,96.0399
9.84886,2.74257
9.84886,0.0190589
9.27362,1.95996
8.77496,0.079964
8.3666,4.36795
8.06226,0.271213
7.87401,6.38415
7.81025,0.153971
7.87401,6.39377
8.06226,0.149507
8.3666,4.32931
8.77496,0.175223
9.27362,1.9154
9.84886,0.0515466
9.38083,102.205
8.77496,4.30599
8.24621,248.384
7.81025,10.8527
7.48331,512.57
7.28011,17.74
7.2111,668.21
7.28011,20.5453
7.48331,443.344
7.81025,15.5445
8.24621,260.791
8.77496,7.47501
9.38083,103.605
9.69536,0.47894
9,0.622952
8.3666,1.61543
7.81025,0.0724462
7.34847,3.25873
7,8.09906
6.78233,5.06826
6.7082,8.11509
6.78233,5.87448
7,5.66153
7.34847,3.27655
7.81025,2.0845
8.3666,1.43166
9,0.0449801
9.69536,0.486212
9.43398,2.07944
8.7178,174.507
8.06226,7.69101
7.48331,653.026
7,19.2663
6.63325,804.291
6.40312,35.9328
6.32456,756.201
6.40312,37.3519
6.63325,1206.49
7,26.0009
7.48331,536.025
8.06226,14.3997
8.7178,150.262
9.43398,4.70239
9.27362,0.0767722
8.544,2.08564
7.87401,0.216648
7.28011,0.00477386
6.78233,0.797625
6.40312,58.22
6.16441,1.03556
6.08276,29.8782
6.16441,0.328568
6.40312,19.5532
6.78233,0.713262
7.28011,17.9695
7.87401,0.381345
8.544,0.00400886
9.27362,0.0569073
10,61.1988
9.21954,2.47801
8.48528,243.258
7.81025,9.82594
7.2111,399.926
6.7082,25.3748
6.32456,1295.57
6.08276,37.0563
6,2055.87
6.08276,45.9098
6.32456,686.437
6.7082,37.6949
7.2111,535.054
7.81025,16.3014
8.48528,275.892
9.21954,5.51637
10,52.1909
9.27362,0.0767722
8.544,2.08564
7.87401,0.216648
7.28011,0.00477386
6.78233,0.797625
6.40312,58.22
6.16441,1.03556
6.08276,29.8782
6.16441,0.328568
6.40312,19.5532
6.78233,0.713262
7.28011,17.9695
7.87401,0.381345
8.544,0.00400886
9.27362,0.0569073
9.43398,2.07944
8.7178,174.507
8.06226,7.69101
7.48331,653.026
7,19.2663
6.63325,804.291
6.40312,35.9328
6.32456,756.201
6.40312,37.3519
6.63325,1206.49
7,26.0009
7.48331,536.025
8.06226,14.3997
8.7178,150.262
9.43398,4.70239
9.69536,0.47894
9,0.622952
8.3666,1.61543
7.81025,0.0724462
7.34847,3.25873
7,8.09906
6.78233,5.06826
6.7082,8.11509
6.78233,5.87448
7,5.66153
7.34847,3.27655
7.81025,2.0845
8.3666,1.43166
9,0.0449801
9.69536,0.486212
9.38083,102.205
8.77496,4.30599
8.24621,248.384
7.81025,10.8527
7.48331,512.57
7.28011,17.74
7.2111,668.21
7.28011,20.5453
7.48331,443.344
7.81025,15.5445
8.24621,260.791
8.77496,7.47501
9.38083,103.605
9.84886,0.0190589
9.27362,1.95996
8.77496,0.079964
8.3666,4.36795
8.06226,0.271213
7.87401,6.38415
7.81025,0.153971
7.87401,6.39377
8.06226,0.149507
8.3666,4.32931
8.77496,0.175223
9.27362,1.9154
9.84886,0.0515466
9.84886,1.54525
9.38083,94.7998
9,3.95683
8.7178,182.239
8.544,6.54752
8.48528,228.841
8.544,7.34537
8.7178,170.104
9,5.58813
9.38083,96.0399
9.84886,2.74257
9.69536,2.56018
9.43398,0.476945
9.27362,3.82071
9.21954,0.00643342
9.27362,3.70008
9.43398,0.0138736
9.69536,2.51985
10,48.9456
9.94987,57.2479
9.89949,2.63733
9.94987,59.9298
9.69536,0.0750518
9.43398,2.3116
9.27362,0.203247
9.21954,2.85665
9.27362,0.739553
9.43398,2.46252
9.69536,0.410739
9.94987,54.7469
9.48683,3.2818
9.11043,149.762
8.83176,6.59165
8.66025,174.929
8.60233,9.46779
8.66025,154.851
8.83176,8.18201
9.11043,143.351
9.48683,4.75623
9.94987,57.6695
9.48683,0.196227
9,1.52521
8.60233,0.0837612
8.30662,3.06814
8.12404,6.19923
8.06226,3.63374
8.12404,0.814655
8.30662,2.56076
8.60233,0.269256
9,1.60281
9.48683,0.769945
9.69536,2.42981
9.11043,133.892
8.60233,7.59017
8.18535,227.161
7.87401,15.5632
7.68115,455.808
7.61577,19.4878
7.68115,512.06
7.87401,18.3747
8.18535,233.849
8.60233,11.4971
9.11043,119.941
9.69536,4.37137
9.43398,0.270164
8.83176,0.689416
8.30662,0.778038
7.87401,0.0445621
7.54983,1.19006
7.34847,4.33027
7.28011,1.50275
7.34847,2.96448
7.54983,1.5468
7.87401,1.42304
8.30662,0.68556
8.83176,0.294601
9.43398,0.23993
9.94987,56.445
9.27362,3.71855
8.66025,188.175
8.12404,11.1602
7.68115,468.327
7.34847,22.4472
7.14143,609.69
7.07107,31.3639
7.14143,570.571
7.34847,27.667
7.68115,454.264
8.12404,16.2997
8.66025,191.57
9.27362,6.70087
9.94987,54.2718
9.94987,56.445
9.27362,3.71855
8.66025,188.175
8.12404,11.1602
7.68115,468.327
7.34847,22.4472
7.14143,609.69
7.07107,31.3639
7.14143,570.571
7.34847,27.667
7.68115,454.264
8.12404,16.2997
8.66025,191.57
9.27362,6.70087
9.94987,54.2718
9.43398,0.270164
8.83176,0.689416
8.30662,0.778038
7.87401,0.0445621
7.54983,1.19006
7.34847,4.33027
7.28011,1.50275
7.34847,2.96448
7.54983,1.5468
7.87401,1.42304
8.30662,0.68556
8.83176,0.294601
9.43398,0.23993
9.69536,2.42981
9.11043,133.892
8.60233,7.59017
8.18535,227.161
7.87401,15.5632
7.68115,455.808
7.61577,19.4878
7.68115,512.06
7.87401,18.3747
8.18535,233.849
8.60233,11.4971
9.11043,119.941
9.69536,4.37137
9.48683,0.196227
9,1.52521
8.60233,0.0837612
8.30662,3.06814
8.12404,6.19923
8.06226,3.63374
8.12404,0.814655
8.30662,2.56076
8.60233,0.269256
9,1.60281
9.48683,0.769945
9.94987,54.7469
9.48683,3.2818
9.11043,149.762
8.83176,6.59165
8.66025,174.929
8.60233,9.46779
8.66025,154.851
8.83176,8.18201
9.11043,143.351
9.48683,4.75623
9.94987,57.6695
9.69536,0.0750518
9.43398,2.3116
9.27362,0.203247
9.21954,2.85665
9.27362,0.739553
9.43398,2.46252
9.69536,0.410739
9.94987,57.2479
9.89949,2.63733
9.94987,59.9298
10,52.8983
9.89949,1.0452
9.64365,0.0742415
9.48683,1.55779
9.43398,0.121714
9.48683,1.53465
9.64365,0.078204
9.89949,1.02521
9.79796,66.4997
9.43398,4.95964
9.16515,111.779
9,8.06599
8.94427,147.497
9,8.62161
9.16515,123.531
9.43398,6.36681
9.79796,61.8761
9.89949,0.383785
9.43398,0.367128
9.05539,0.874249
8.77496,0.0614458
8.60233,1.16514
8.544,0.466465
8.60233,1.21439
8.77496,0.573454
9.05539,0.89446
9.43398,0.220949
9.89949,0.361012
9.64365,3.76314
9.16515,115.072
8.77496,8.89066
8.48528,262.882
8.30662,14.4319
8.24621,248.154
8.30662,16.7108
8.48528,183.586
8.77496,11.6597
9.16515,132.314
9.64365,5.52937
9.48683,0.0595798
9,0.879525
8.60233,0.106612
8.30662,0.00850128
8.12404,0.287549
8.06226,5.58752
8.12404,0.238119
8.30662,1.07309
8.60233,0.0813219
9,0.28436
9.48683,0.0683207
10,59.7606
9.43398,4.43889
8.94427,156.712
8.544,11.332
8.24621,202.324
8.06226,18.625
8,354.899
8.06226,18.6234
8.24621,323.777
8.544,14.302
8.94427,122.551
9.43398,7.17929
10,51.0272
9.48683,0.0595798
9,0.879525
8.60233,0.106612
8.30662,0.00850128
8.12404,0.287549
8.06226,5.58752
8.12404,0.238119
8.30662,1.07309
8.60233,0.0813219
9,0.28436
9.48683,0.0683207
9.64365,3.76314
9.16515,115.072
8.77496,8.89066
8.48528,262.882
8.30662,14.4319
8.24621,248.154
8.30662,16.7108
8.48528,183.586
8.77496,11.6597
9.16515,132.314
9.64365,5.52937
9.89949,0.383785
9.43398,0.367128
9.05539,0.874249
8.77496,0.0614458
8.60233,1.16514
8.544,0.466465
8.60233,1.21439
8.77496,0.573454
9.05539,0.89446
9.43398,0.220949
9.89949,0.361012
9.79796,66.4997
9.43398,4.95964
9.16515,111.779
9,8.06599
8.94427,147.497
9,8.62161
9.16515,123.531
9.43398,6.36681
9.79796,61.8761
9.89949,1.0452
9.64365,0.0742415
9.48683,1.55779
9.43398,0.121714
9.48683,1.53465
9.64365,0.078204
9.89949,1.02521
10,52.8983
9.89949,0.0487792
9.84886,0.720954
9.89949,0.428294
9.94987,57.4342
9.69536,5.18117
9.53939,73.2459
9.48683,6.85781
9.53939,85.2496
9.69536,5.83169
9.94987,59.1207
9.69536,0.188158
9.43398,0.276344
9.27362,0.0226768
9.21954,0.290206
9.27362,0.0997819
9.43398,0.246688
9.69536,0.108328
9.89949,3.92043
9.53939,82.4584
9.27362,7.6555
9.11043,130.87
9.05539,10.0733
9.11043,121.244
9.27362,9.02348
9.53939,79.2377
9.89949,5.26535
9.89949,3.92043
9.53939,82.4584
9.27362,7.6555
9.11043,130.87
9.05539,10.0733
9.11043,121.244
9.27362,9.02348
9.53939,79.2377
9.89949,5.26535
9.69536,0.188158
9.43398,0.276344
9.27362,0.0226768
9.21954,0.290206
9.27362,0.0997819
9.43398,0.246688
9.69536,0.108328
9.94987,57.4342
9.69536,5.18117
9.53939,73.2459
9.48683,6.85781
9.53939,85.2496
9.69536,5.83169
9.94987,59.1207
9.89949,0.0487792
9.84886,0.720954
9.89949,0.428294
10,45.9445
